manNum=10
womanNum=10
man1=9,5,6,4,8,3,10,7,1,2
man2=4,6,8,10,3,1,2,9,7,5
man3=10,2,9,8,4,1,7,3,6,5
man4=1,7,3,4,5,6,9,10,2,8
man5=9,2,7,5,3,6,4,10,8,1
man6=10,7,9,4,2,6,1,3,5,8
man7=3,6,7,9,1,10,2,4,5,8
man8=7,8,1,9,3,4,6,10,2,5
man9=2,6,3,1,7,4,8,5,9,10
man10=5,8,7,3,4,6,9,2,1,10
woman1=9,6,1,8,3,4,7,2,5,10
woman2=8,7,5,9,2,10,3,1,4,6
woman3=4,3,7,6,2,1,9,5,10,8
woman4=3,9,8,7,2,1,6,5,10,4
woman5=2,9,7,8,10,3,5,4,6,1
woman6=9,3,1,7,4,2,5,8,10,6
woman7=10,8,1,5,6,7,4,2,9,3
woman8=10,9,7,3,8,2,5,4,1,6
woman9=9,6,8,10,4,3,7,2,1,5
woman10=4,3,8,7,6,1,2,10,9,5
