manNum=10
womanNum=10
man1=4,2,6,5,8,3,9,1,10,7
man2=9,7,5,8,4,6,3,2,10,1
man3=3,9,2,5,10,4,1,6,7,8
man4=5,1,4,8,6,9,3,10,7,2
man5=6,10,4,5,9,3,1,8,7,2
man6=5,3,2,6,4,10,8,1,9,7
man7=5,2,3,10,9,1,4,6,8,7
man8=7,1,4,9,5,2,3,8,6,10
man9=3,8,2,6,10,9,4,1,7,5
man10=3,2,8,9,5,6,7,4,10,1
woman1=1,10,8,9,7,6,4,5,2,3
woman2=5,9,1,3,7,2,10,8,4,6
woman3=4,1,9,2,5,3,6,8,10,7
woman4=2,9,4,5,8,3,6,10,1,7
woman5=8,9,2,10,1,6,5,4,7,3
woman6=10,5,7,2,8,1,4,6,9,3
woman7=2,7,6,10,4,9,1,5,8,3
woman8=7,9,10,4,8,3,1,2,5,6
woman9=10,8,3,2,5,7,6,4,9,1
woman10=3,4,10,5,1,8,2,9,7,6
